ParameterList_GDSWPreconditioner.xml

--O=0
0.0520564 0.0507747 0.0502061 0.0542403 0.051563 0.0521349 0.0588874 0.0817397 0.0509306 0.0498681 
--O=1
0.0506789 0.0522666 0.0523265 0.0565956 0.0535189 0.0504695 0.057676 0.0514258 0.0507999 0.0553387 
--O=2
0.0565792 0.0549101 0.0523017 0.0535514 0.0560181 0.0527525 0.0539924 0.0569412 0.0667023 0.0546366 
--O=3
0.0719262 0.0570802 0.0575147 0.0729534 0.0600938 0.0568129 0.0589703 0.0556561 0.0623572 0.0580528 
--O=4
0.0595923 0.058748 0.0610649 0.0596657 0.0599896 0.0578073 0.0580344 0.0612271 0.0617384 0.0583158 
--O=5
0.0626334 0.0634832 0.0755158 0.063617 0.0750806 0.0628138 0.0640901 0.0619695 0.0639504 0.0614986 
--O=6
0.0774689 0.0672758 0.0659807 0.0653564 0.0885504 0.0671804 0.0658865 0.0668968 0.0656122 0.0664639 
--O=7
0.0738144 0.0715492 0.0708133 0.073328 0.0702364 0.0692184 0.0718304 0.0691594 0.0752862 0.0701251 
--O=8
0.0727601 0.0744457 0.0742219 0.0736679 0.0744846 0.0749461 0.076804 0.0742627 0.076129 0.0729378 
--O=9
0.0792823 0.078369 0.0778298 0.0791211 0.0797028 0.0774957 0.0954441 0.0782673 0.0794972 0.078549 
--O=10
0.0834067 0.081832 0.0845942 0.0854686 0.0887424 0.0863976 0.0872725 0.0823628 0.0832087 0.0908985 

ParameterList_RGDSWPreconditioner.xml

--O=0
0.050365 0.0508887 0.0498487 0.0484428 0.056143 0.0521392 0.0570247 0.0497562 0.0497294 0.0512578 
--O=1
0.0523848 0.0513846 0.0506545 0.0544139 0.0514175 0.0506992 0.0521131 0.0684407 0.0531163 0.0514565 
--O=2
0.0532112 0.0529511 0.0558604 0.0535636 0.0631201 0.0629413 0.054109 0.0702112 0.0545625 0.0516343 
--O=3
0.062314 0.0577823 0.054807 0.0590015 0.0566858 0.0557085 0.0555517 0.0558968 0.0572017 0.0802306 
--O=4
0.082941 0.061255 0.0626822 0.0600894 0.0588651 0.058626 0.0608901 0.0605567 0.0591856 0.060072 
--O=5
0.0640007 0.0622654 0.0622147 0.0672788 0.0611855 0.0645808 0.0662914 0.0640732 0.0631719 0.0777994 
--O=6
0.066474 0.0661787 0.0665205 0.0817164 0.0654806 0.0671124 0.0730656 0.0689638 0.0653953 0.0660958 
--O=7
0.06929 0.0732974 0.07111 0.0690205 0.068184 0.0720909 0.0930518 0.0799936 0.0702526 0.0691691 
--O=8
0.0755645 0.0717564 0.0733665 0.0728547 0.0732882 0.0802012 0.10117 0.0756833 0.0750788 0.0762885 
--O=9
0.0785358 0.0776657 0.0798506 0.0782033 0.0763928 0.076562 0.0784147 0.0794864 0.0802346 0.078929 
--O=10
0.0838614 0.0866541 0.0835312 0.0833263 0.0808783 0.0826437 0.0841029 0.0827362 0.0818499 0.0811408 

ParameterList_TwoLevelPreconditioner_GDSW_muelu.xml

--O=0
0.100993 0.083443 0.0853182 0.084286 0.0906072 0.0961996 0.0832938 0.0920126 0.0838357 0.0842775 
--O=1
0.0861168 0.0844726 0.0835957 0.0886684 0.0855235 0.0853286 0.0855336 0.087034 0.0851367 0.0853716 
--O=2
0.0864773 0.0987221 0.0910972 0.0849846 0.0874716 0.0856946 0.0876231 0.0847489 0.085458 0.0843551 
--O=3
0.0870764 0.0876206 0.0867313 0.0890106 0.0873455 0.0870732 0.0886383 0.0906828 0.0917427 0.090164 
--O=4
0.0904295 0.0907436 0.0893092 0.0959488 0.0936928 0.0915516 0.0927234 0.091648 0.106102 0.0916491 
--O=5
0.0945918 0.115484 0.0921766 0.0941068 0.0926558 0.0950517 0.0997609 0.0936084 0.0948464 0.0931543 
--O=6
0.0988462 0.0992807 0.0979043 0.0984261 0.0972675 0.0996269 0.100041 0.134336 0.101605 0.0963444 
--O=7
0.0993775 0.0997863 0.0994316 0.105921 0.104608 0.107476 0.10161 0.120621 0.101624 0.101496 
--O=8
0.106677 0.107301 0.102069 0.103641 0.116509 0.103 0.102646 0.10278 0.104427 0.134429 
--O=9
0.109567 0.11093 0.108972 0.109817 0.116109 0.109377 0.108442 0.112162 0.108873 0.10886 
--O=10
0.115238 0.110418 0.126756 0.112133 0.116432 0.113084 0.111753 0.11203 0.12488 0.113014 

ParameterList_TwoLevelPreconditioner_GDSW.xml

--O=0
0.0532445 0.0517264 0.0507926 0.0532754 0.0517466 0.0514444 0.0497459 0.0496706 0.0492657 0.0505254 
--O=1
0.0540749 0.0545442 0.0521511 0.0537491 0.0532176 0.0534854 0.0531179 0.0518268 0.053512 0.0512682 
--O=2
0.114887 0.0627559 0.0542848 0.0543683 0.0579587 0.0536709 0.053953 0.0865255 0.0548534 0.0566125 
--O=3
0.0564839 0.0563252 0.084578 0.0595884 0.056988 0.058905 0.116461 0.0577306 0.0927129 0.0572213 
--O=4
0.0650201 0.061638 0.0601721 0.0608096 0.0612259 0.0604524 0.0625058 0.063777 0.0593764 0.0653657 
--O=5
0.0616807 0.0636944 0.0636102 0.0665535 0.0667528 0.0629661 0.0620999 0.0662282 0.0688568 0.0645092 
--O=6
0.0663322 0.0674055 0.0683824 0.0664897 0.0680981 0.0686731 0.0662077 0.0664399 0.0676957 0.0679138 
--O=7
0.0704067 0.0715276 0.0751025 0.073243 0.0804635 0.0691133 0.0724514 0.0694584 0.107668 0.0722969 
--O=8
0.0761226 0.0752155 0.0756707 0.0745914 0.0759245 0.0930953 0.0768235 0.0744009 0.0774796 0.0753638 
--O=9
0.0797275 0.0781679 0.079853 0.0813168 0.078345 0.0853316 0.0838621 0.0877315 0.0898053 0.0781697 
--O=10
0.0842954 0.0815717 0.107674 0.0824025 0.0819201 0.082903 0.082086 0.0856637 0.0826312 0.0820438 

ParameterList_TwoLevelPreconditioner_IPOUHarmonic_GDSW_ML.xml

--O=0
0.0969282 0.0720476 0.0741411 0.0721255 0.0757889 0.0697277 0.0996817 0.0699002 0.0736958 0.0745385 
--O=1
0.0722486 0.0712753 0.073236 0.0791475 0.0720535 0.0740923 0.0730341 0.0740995 0.0748641 0.0714482 
--O=2
0.0907664 0.0777736 0.0758252 0.0922713 0.0765215 0.0736016 0.0754082 0.0735973 0.0803312 0.0732363 
--O=3
0.0778086 0.0785063 0.0778063 0.076535 0.0918606 0.0871533 0.0830558 0.0761484 0.0878386 0.084191 
--O=4
0.0844928 0.0812439 0.0797587 0.080469 0.0904944 0.0818083 0.0814419 0.0876406 0.0795858 0.0781881 
--O=5
0.0857144 0.0847966 0.0895149 0.0873792 0.0978013 0.0840069 0.0836175 0.0964819 0.0993744 0.0863782 
--O=6
0.0974633 0.0901693 0.089524 0.0859046 0.0865284 0.0893875 0.084897 0.0903041 0.0855433 0.0868713 
--O=7
0.0900304 0.0925025 0.0913389 0.0927065 0.098667 0.0899713 0.0917139 0.089963 0.0909398 0.0913415 
--O=8
0.0968472 0.0960987 0.0932961 0.0959486 0.0934533 0.0994702 0.0994204 0.0919902 0.0932647 0.0962169 
--O=9
0.0999666 0.0990567 0.100362 0.104107 0.0994952 0.100791 0.101101 0.105258 0.0990701 0.0985495 
--O=10
0.101505 0.103046 0.116247 0.104008 0.106226 0.101394 0.105326 0.103077 0.101797 0.124678 

ParameterList_TwoLevelPreconditioner_IPOUHarmonic_GDSWStar.xml

--O=0
0.0570607 0.0551877 0.0526679 0.0551695 0.0531017 0.0778323 0.0537231 0.0519674 0.0520339 0.0530404 
--O=1
0.0562959 0.0530923 0.0554765 0.069617 0.0631837 0.0796216 0.0531112 0.0533152 0.0547212 0.0546918 
--O=2
0.0582413 0.0581299 0.0574668 0.0572697 0.0578549 0.0590916 0.0569196 0.056405 0.0572039 0.0562672 
--O=3
0.0640769 0.0591595 0.0603406 0.0583703 0.0576525 0.059582 0.069809 0.0703336 0.0592829 0.0574021 
--O=4
0.0697995 0.0635477 0.0645187 0.0669729 0.0639934 0.0634425 0.062761 0.0641418 0.0623447 0.0636113 
--O=5
0.0687633 0.0662217 0.0978979 0.0646493 0.0847098 0.0657438 0.0657605 0.0647779 0.0679704 0.0694487 
--O=6
0.0778654 0.0676548 0.0684245 0.0708378 0.0701021 0.0717794 0.0707741 0.0696971 0.0698233 0.0687306 
--O=7
0.0744565 0.0753996 0.0741087 0.0819322 0.0731108 0.0738764 0.0732824 0.0770435 0.0769432 0.0733826 
--O=8
0.0780731 0.0769514 0.0757236 0.102417 0.0768719 0.0781403 0.0753435 0.0760156 0.0774961 0.0773753 
--O=9
0.0812339 0.0823953 0.0819967 0.0796235 0.0812396 0.0832598 0.0837256 0.0816665 0.0801828 0.112894 
--O=10
0.10164 0.0891273 0.0866216 0.0849226 0.0852575 0.0905304 0.084799 0.0984111 0.103426 0.0865663 

ParameterList_TwoLevelPreconditioner_IPOUHarmonic_GDSW.xml

--O=0
0.0554124 0.0655151 0.0539332 0.0517063 0.0517119 0.070376 0.0549693 0.052487 0.0537444 0.0515267 
--O=1
0.0542234 0.0553447 0.0542752 0.0577492 0.0528888 0.0567002 0.0568309 0.0768818 0.0590957 0.0533427 
--O=2
0.0653031 0.0549336 0.0569856 0.0611344 0.0689722 0.0574603 0.0643517 0.0551671 0.0564692 0.0661549 
--O=3
0.0623473 0.0594769 0.0578885 0.0615894 0.0584404 0.0734773 0.0796646 0.0645461 0.0590132 0.0609135 
--O=4
0.0644636 0.0681732 0.0646985 0.0613636 0.0614465 0.0642157 0.0634107 0.0626146 0.0607859 0.062279 
--O=5
0.0705841 0.0646092 0.0797149 0.071187 0.0651372 0.0651244 0.0653614 0.0898593 0.0949842 0.0696698 
--O=6
0.0715024 0.067675 0.0679394 0.067993 0.072704 0.0685627 0.0686586 0.0707874 0.0813507 0.0681564 
--O=7
0.071491 0.0731209 0.0725958 0.0733163 0.0919609 0.0731955 0.0762713 0.074678 0.0716528 0.0763978 
--O=8
0.0754808 0.0765975 0.0777317 0.0767217 0.0771726 0.0757586 0.0764437 0.0757537 0.0756883 0.0775274 
--O=9
0.0811508 0.0817885 0.0873338 0.0827824 0.0807969 0.0835441 0.0792646 0.0873027 0.0795477 0.0809609 
--O=10
0.083632 0.0850511 0.0913723 0.0854885 0.0854818 0.0851768 0.0832324 0.0843579 0.0851572 0.0901027 

ParameterList_TwoLevelPreconditioner_IPOUHarmonic_RGDSW.xml

--O=0
0.0538207 0.0522273 0.0528295 0.0546196 0.0539635 0.0530818 0.0493533 0.0600658 0.0529759 0.0524194 
--O=1
0.0546924 0.0525865 0.0535959 0.0525212 0.0532984 0.0532389 0.0549884 0.0557122 0.0540687 0.0518972 
--O=2
0.0558732 0.0546585 0.0553152 0.0564185 0.0588745 0.0840896 0.0577806 0.0609224 0.056335 0.0548958 
--O=3
0.0614426 0.0592724 0.0596332 0.0580981 0.0586535 0.0697627 0.0962265 0.0580486 0.0637558 0.060236 
--O=4
0.059981 0.072327 0.0634229 0.0628967 0.0629918 0.0740777 0.0627306 0.0649399 0.0613646 0.0594961 
--O=5
0.0642613 0.0657515 0.0662057 0.0651636 0.0659712 0.0635245 0.0656554 0.0646444 0.0704911 0.066737 
--O=6
0.067057 0.095179 0.0671274 0.0691876 0.0684016 0.0671346 0.0689046 0.0683433 0.0699047 0.0705156 
--O=7
0.0745505 0.0708597 0.0725398 0.0775308 0.0727358 0.0713106 0.0724349 0.0725855 0.0845933 0.0767189 
--O=8
0.0827635 0.0756482 0.076937 0.0786829 0.0779818 0.0762747 0.0849896 0.07641 0.0804343 0.0815769 
--O=9
0.095937 0.0809113 0.0826771 0.0839085 0.0787553 0.0821177 0.0817094 0.0833296 0.0805234 0.081163 
--O=10
0.0899974 0.0898258 0.0828436 0.0836698 0.0839083 0.0858063 0.0837958 0.0834871 0.0851466 0.0837725 

ParameterList_TwoLevelPreconditioner_RGDSW.xml

--O=0
0.0492315 0.0517655 0.0508426 0.0488463 0.0485713 0.0500429 0.0500319 0.0497528 0.0496607 0.0493999 
--O=1
0.0507019 0.0517095 0.0555639 0.0508994 0.0514787 0.0694018 0.0629343 0.0549008 0.0519785 0.0533722 
--O=2
0.0533994 0.0545285 0.0565772 0.0552665 0.0558214 0.0537071 0.0529807 0.0644002 0.0541085 0.058126 
--O=3
0.0528402 0.0561688 0.0557661 0.06553 0.0556213 0.0559796 0.0569185 0.0574233 0.058772 0.0564607 
--O=4
0.0599089 0.0584018 0.0609116 0.0599037 0.0610711 0.069007 0.0673453 0.0583588 0.0591946 0.0604709 
--O=5
0.064641 0.0637901 0.063221 0.0679325 0.0711867 0.0667022 0.0647091 0.061123 0.0632404 0.0615369 
--O=6
0.0697476 0.0653569 0.0699129 0.0670234 0.0675908 0.0643343 0.0727634 0.0655893 0.0669177 0.0690159 
--O=7
0.069074 0.0758156 0.0731481 0.0779039 0.068768 0.0706174 0.069525 0.0713057 0.0712751 0.0692403 
--O=8
0.0759418 0.0781035 0.0780797 0.0724391 0.0742609 0.0832568 0.0721275 0.0753738 0.0746481 0.0760419 
--O=9
0.0790836 0.0780515 0.0786132 0.0805254 0.0768105 0.0766921 0.0913134 0.0879539 0.0766083 0.0784288 
--O=10
0.0830818 0.083687 0.0811568 0.0804204 0.082648 0.0883761 0.0839869 0.0855091 0.0833788 0.090231 
