RGDSWPreconditioner

--O=0
10.4288 10.2346 9.91951 10.1031 9.85805 10.0207 10.0256 10.0288 10.1756 9.71618 
--O=1
7.80967 8.06112 8.48031 8.23746 8.46402 7.8592 8.14723 8.08844 8.543 8.21325 
--O=2
7.74869 7.62477 7.70394 7.89755 7.06972 7.86556 7.84817 7.30412 7.74429 7.62592 
--O=3
7.48068 7.39526 7.51515 7.28029 7.49384 7.67411 7.60473 7.31674 7.70227 7.64917 
--O=4
7.26016 7.42286 7.52003 7.45725 7.59113 7.29714 7.60125 7.50186 7.1423 7.53968 
--O=5
7.61301 7.56384 7.77722 7.41686 7.33548 7.57675 7.20257 7.38669 7.79548 7.8761 
--O=6
7.48296 7.75769 7.47454 7.89106 7.67063 7.71032 7.61609 7.52345 7.71173 7.58989 
--O=7
8.29202 7.98176 8.13944 7.70386 7.48543 7.96469 7.85715 7.68378 7.7612 7.71719 
--O=8
8.44994 8.33664 8.26154 7.75976 8.05338 8.17993 8.01507 7.73268 7.75531 8.10717 
--O=9
8.28317 8.03251 8.13622 7.75584 8.05527 7.99373 8.31261 8.18037 8.36185 8.54933 
--O=10
8.54911 8.68158 8.85603 8.84228 8.36891 8.44834 8.32361 8.36137 8.75815 8.34678


GDSWPreconditioner
 
--O=0
10.4599 10.0862 9.77173 10.0087 10.1804 9.74663 9.95043 9.4869 9.42958 9.69354 
--O=1
8.29402 8.11904 7.68985 8.4709 7.97383 8.08195 8.31404 8.04552 8.12732 8.36066 
--O=2
7.62972 8.0349 7.08802 8.33363 7.92892 7.6083 7.97135 8.05182 7.86758 8.20277 
--O=3
7.56907 7.47361 7.45595 7.40873 7.38142 7.67238 7.53484 7.39981 7.50623 7.42346 
--O=4
7.57857 7.52918 7.72414 7.84119 7.55693 7.77771 7.86544 7.16126 7.56295 7.37297 
--O=5
7.44409 7.53135 7.35286 7.2286 7.17323 7.14147 7.64 7.08819 7.46618 7.20392 
--O=6
7.61872 7.95278 7.56687 8.17807 7.76192 7.83251 7.6872 7.57398 7.66036 7.88309 
--O=7
7.71368 7.69596 7.71218 8.0379 7.83448 7.71707 7.94537 7.85077 7.58973 7.93896 
--O=8
8.01718 7.68584 7.84285 7.93094 8.05382 7.9125 7.83568 7.85411 8.02893 8.03638 
--O=9
8.33485 8.42656 8.74973 8.22698 8.01865 8.05185 8.29315 7.95689 8.21171 8.25953 
--O=10
8.42685 8.44964 8.04857 8.3957 8.56797 8.14078 8.44552 8.47617 8.46151 8.18507

TwoLevelBlockPreconditioner

Error and could not run

TwoLevelPreconditioner_GDSW_muelu
 
--O=0
10.0927 10.1601 10.2018 10.3191 9.74583 9.71479 9.99972 9.64905 9.7551 9.74198 
--O=1
8.47094 8.64983 7.93948 7.92596 8.03858 8.23275 8.16987 8.12153 8.10358 7.8601 
--O=2
7.84021 7.5846 7.70765 7.85966 7.84057 7.75273 7.71633 7.16671 7.8876 8.29941 
--O=3
7.20274 7.54353 7.23581 7.2742 7.66918 7.0309 7.92907 7.44102 7.38558 7.64106 
--O=4
7.21624 7.41611 7.30692 7.00344 7.50728 7.01688 6.88354 7.90558 7.55594 7.75145 
--O=5
7.27465 7.14072 7.43456 6.73273 7.28395 7.5296 6.96419 7.05848 7.43087 7.33746 
--O=6
7.43719 7.75909 7.39072 7.52551 7.43782 7.15988 7.54937 8.14773 7.24578 7.40035 
--O=7
7.7754 7.86833 8.05659 7.60105 7.84936 7.86726 8.03447 7.6756 7.54241 7.95902 
--O=8
7.72961 8.04277 8.06287 8.18309 8.07912 7.90363 8.04642 7.86959 8.32081 7.64612 
--O=9
8.44853 8.46165 8.42777 8.39792 8.3507 8.42497 8.63015 8.54003 7.98755 7.77287 
--O=10
8.01657 8.33332 8.46402 8.15384 8.38541 8.05911 8.35136 8.2613 8.47209 8.63876


TwoLevelPreconditioner_GDSW
 
--O=0
9.66703 10.0719 10.4568 9.82348 9.7661 10.0581 10.2287 9.99642 9.89083 10.0334 
--O=1
8.12903 8.16341 8.1588 8.27822 8.07079 8.44355 8.15058 8.48528 8.04651 8.64224 
--O=2
7.6675 8.08848 7.91463 7.27926 7.90682 7.94723 7.76738 7.64695 7.69619 7.82002 
--O=3
7.05456 7.48653 6.96028 7.75688 7.19844 7.50323 7.44498 7.399 7.3605 7.77174 
--O=4
7.34231 7.4537 7.37569 7.53591 7.4317 7.35191 6.96173 7.37492 7.13652 7.26847 
--O=5
7.61697 7.18387 7.23091 7.12899 7.11759 7.4096 7.26399 7.05833 7.40219 7.11145 
--O=6
7.69588 7.71115 8.03587 7.84094 7.7074 7.61284 7.33999 7.56904 7.80626 7.52455 
--O=7
7.50807 8.0758 7.49263 8.07028 7.78042 7.67118 7.75721 7.46197 7.87375 8.12461 
--O=8
8.04056 7.80414 8.14404 7.83045 7.67253 7.93928 7.9486 8.16755 8.05518 8.08298 
--O=9
8.00449 7.92352 7.87343 7.83962 8.27833 8.22456 8.09675 8.011 7.97577 7.80044 
--O=10
8.62191 8.39615 8.21845 8.63481 8.37557 8.65839 8.221 8.39075 8.13467 8.46976

TwoLevelPreconditioner_IPOUHarmonic_GDSW_ML
 
--O=0
10.6457 10.7728 10.3146 10.7494 10.4378 10.4856 10.1896 10.8162 10.5478 10.6377 
--O=1
8.33082 8.9472 8.23968 8.93529 9.40898 9.07291 8.96976 8.37726 8.57473 8.64521 
--O=2
8.07925 8.29699 8.21384 8.12458 8.05927 8.33326 8.63423 7.74076 8.05561 8.25074 
--O=3
7.72172 7.97888 8.4215 8.1021 8.01046 7.88428 7.91322 7.90101 8.09194 7.85765 
--O=4
8.14088 7.91694 8.09023 8.17026 7.93839 8.31084 8.24811 8.041 7.97406 7.8687 
--O=5
7.90073 8.43987 7.96464 8.11677 8.18403 7.8277 7.99718 8.22815 8.08061 7.82811 
--O=6
8.19132 7.88325 8.36282 8.36524 8.29949 8.2539 8.04079 7.89842 8.29675 8.00666 
--O=7
8.4095 8.50428 8.7105 8.42721 8.31924 8.39453 8.09193 8.47436 8.28361 8.41356 
--O=8
8.84785 8.39975 8.37859 8.6012 8.63868 8.56979 8.45188 8.88561 8.79357 9.00627 
--O=9
8.84579 8.96098 8.46431 9.03429 8.89091 8.67781 8.73544 9.17112 9.1369 8.67221 
--O=10
9.00843 8.93258 9.18 9.16582 9.09182 8.63597 9.09622 8.77197 9.12109 8.98775

TwoLevelPreconditioner_IPOUHarmonic_GDSWStar

--O=0
10.0718 10.5017 10.4809 9.7622 10.4669 11.1024 10.0979 10.7911 10.2484 10.3892 
--O=1
8.53536 8.38822 8.0801 8.40382 9.31336 8.57183 8.66513 8.56683 8.31079 8.63565 
--O=2
7.97792 8.29654 7.55993 8.37204 8.12362 7.48572 8.0567 7.68692 8.03094 8.12504 
--O=3
7.4049 7.62749 7.75934 7.63874 7.97926 7.97315 7.65368 7.88526 8.13236 7.72252 
--O=4
7.68943 7.66566 7.61738 7.44206 7.89336 7.99198 7.64068 7.50326 7.45664 7.72138 
--O=5
8.01852 7.77948 7.4766 7.91192 7.5311 7.65317 7.80859 7.35686 7.89771 7.63757 
--O=6
7.87659 7.65579 8.23767 7.91766 8.33758 8.24013 7.96082 8.03204 8.3419 7.97709 
--O=7
7.8731 8.30111 8.2221 8.36517 8.18164 8.27653 8.2606 7.95919 8.17749 7.92136 
--O=8
8.30186 8.2001 8.50497 8.39053 8.25949 8.6569 8.24984 8.45501 8.23308 8.10529 
--O=9
8.57269 8.43158 8.48392 8.69121 8.50122 8.28175 8.29406 8.30867 8.65198 8.46347 
--O=10
8.86567 8.9946 8.76231 8.49673 8.74197 8.69932 8.77417 8.7801 8.73268 8.64472

TwoLevelPreconditioner_IPOUHarmonic_GDSW

--O=0
10.9444 10.2018 9.96821 10.2283 10.0326 10.3924 9.32824 9.72897 10.4712 10.2447 
--O=1
8.05349 8.20831 9.16157 8.22393 8.49419 8.31807 8.62365 8.76752 8.65874 8.44326 
--O=2
8.05502 8.41683 7.75466 7.98742 8.32978 8.09926 8.15684 8.33368 7.86012 8.22226 
--O=3
7.67871 7.81732 7.50996 7.59191 7.85576 7.78902 7.69416 7.88805 7.82328 7.6928 
--O=4
7.9152 7.72413 7.69482 7.79847 7.56351 7.57116 7.60065 7.47047 7.44738 7.82346 
--O=5
7.94105 7.92447 7.71028 7.38397 7.68829 7.92463 7.6467 7.61054 8.00436 7.53938 
--O=6
7.6492 8.04352 8.4799 8.1179 8.26797 8.29972 8.27551 8.05666 8.12891 8.00384 
--O=7
8.06466 7.81954 8.32008 8.1609 8.4099 8.22976 8.23352 8.49183 8.58443 8.27288 
--O=8
8.34726 8.36454 8.52197 8.19195 8.42458 8.40678 8.71282 8.43378 8.272 8.21077 
--O=9
8.56807 8.39388 8.34766 8.3119 8.25184 8.57867 8.45614 7.90137 8.64307 8.61038 
--O=10
8.82898 8.8708 8.96563 8.43206 8.81526 8.85624 8.88688 8.82766 8.84222 8.69528

TwoLevelPreconditioner_IPOUHarmonic_RGDSW

--O=0
10.2991 10.7324 10.8469 10.3167 10.1735 10.4352 10.1513 10.7418 10.7768 9.98212 
--O=1
8.61905 8.51305 8.44033 8.81399 8.6229 8.49833 9.05889 8.61968 8.55235 8.84041 
--O=2
8.10615 7.84502 8.18138 8.09209 8.39065 8.13121 7.60441 7.51623 8.13278 7.65072 
--O=3
7.40375 7.9898 7.58097 7.94071 8.01097 7.7231 7.70699 7.97987 7.54083 7.96513 
--O=4
7.56217 7.86207 7.82433 8.06075 7.80519 8.08786 7.67693 7.50698 7.45197 8.30189 
--O=5
8.09395 7.34762 7.86911 8.09264 7.95054 7.98287 7.89292 8.1265 7.83898 7.98257 
--O=6
8.14594 8.34083 7.93983 7.65468 8.07486 7.95769 7.99137 8.37096 8.09063 8.41074 
--O=7
8.13383 7.68932 7.97787 8.19169 8.09167 7.8703 8.01791 8.20977 7.82896 8.2246 
--O=8
8.58006 8.1823 8.31609 8.51142 8.45251 8.57907 8.16589 8.22321 7.98599 8.50453 
--O=9
8.50919 8.33732 8.9981 8.35327 8.74505 8.45049 8.62796 8.52912 8.37421 8.45167 
--O=10
9.01676 8.7788 8.65026 8.69219 8.83861 9.08612 8.80325 8.46938 8.92196 8.9587

ParameterList_TwoLevelPreconditioner_RGDSW.xml
 
--O=0
9.69194 10.4914 10.2191 9.80167 9.40918 9.51606 9.30629 9.70407 10.4673 9.9548 
--O=1
7.97106 7.80318 8.22575 7.90132 8.14889 8.25551 7.75139 8.04775 7.78723 8.69968 
--O=2
7.37412 7.27316 7.3624 7.37907 7.29238 7.82342 7.92696 7.75931 7.48676 7.71742 
--O=3
7.54684 7.35546 7.33184 7.28336 7.33342 7.43836 7.10821 7.64268 7.40078 7.26599 
--O=4
7.82043 7.20965 7.17503 7.21269 7.05713 7.10743 7.08261 7.04484 7.2403 6.84405 
--O=5
7.38849 7.6156 7.29593 7.39855 7.07176 7.3514 7.31252 7.76247 7.10416 7.49884 
--O=6
7.68055 7.17254 7.02023 7.1645 7.81167 7.58476 7.42521 7.4301 7.74119 8.05813 
--O=7
7.36505 7.72688 7.82312 7.62448 7.82388 7.76928 7.81315 7.93984 7.6853 7.78084 
--O=8
7.83906 7.76298 7.89642 7.81586 8.02218 7.88115 7.75976 7.88891 7.59697 7.9346 
--O=9
8.10623 8.11106 7.79699 8.22064 8.42985 8.17135 8.14291 7.85222 8.48521 7.92026 
--O=10
8.18347 8.25475 8.40171 8.54096 8.86714 8.45383 8.38013 8.72739 8.5508 8.69236 

